MAP:Battlefield,30,30,50
PLAT:200,500,880,30
PLAT:350,350,150,20
PLAT:780,350,150,20
PLAT:565,220,150,20

MAP:The Void,20,0,20
PLAT:240,550,800,40

MAP:Smashville,100,140,80
PLAT:250,540,780,35
PLAT:515,360,250,20,2.5,0,280,0

MAP:Fountain of Dreams,70,40,90
PLAT:240,530,800,35
PLAT:300,400,160,18,0,1.5,0,120
PLAT:820,400,160,18,0,-1.5,0,120
PLAT:560,260,160,18

MAP:Sky Sanctuary,100,150,255
PLAT:300,520,680,30
PLAT:200,380,180,15,0,0.8,0,80
PLAT:900,380,180,15,0,-0.8,0,80
PLAT:550,250,180,20

MAP:tyler towers,60,60,50
PLAT:300,530,680,30
PLAT:350,350,150,20

